average: 4.342369e+00
st.dev.: 1.567915e-02
