average: 4.034689e+00
st.dev.: 2.838576e-02
